{
 "cells": [
  {
   "cell_type": "code",
   "execution_count": 1,
   "metadata": {},
   "outputs": [],
   "source": [
    "import numpy as np\n",
    "import matplotlib.pyplot as plt\n",
    "from scipy.stats import ks_2samp\n",
    "from sklearn.manifold import TSNE\n",
    "import datautils\n",
    "from ts2vec import TS2Vec, tasks\n",
    "\n",
    "train_data, train_labels, test_data, test_labels = datautils.load_arrowhead_data()\n",
    "train_data = train_data[:, :, None]\n",
    "test_data = test_data[:, :, None]"
   ]
  },
  {
   "cell_type": "code",
   "execution_count": 2,
   "metadata": {},
   "outputs": [
    {
     "data": {
      "text/plain": [
       "(36, 251, 1)"
      ]
     },
     "execution_count": 2,
     "metadata": {},
     "output_type": "execute_result"
    }
   ],
   "source": [
    "train_data.shape"
   ]
  },
  {
   "cell_type": "code",
   "execution_count": 3,
   "metadata": {},
   "outputs": [
    {
     "name": "stdout",
     "output_type": "stream",
     "text": [
      "Epoch #0: loss=12.581331729888916\n",
      "Epoch #1: loss=6.370856046676636\n",
      "Epoch #2: loss=4.115636110305786\n",
      "Epoch #3: loss=3.723248243331909\n",
      "Epoch #4: loss=3.0727916955947876\n",
      "Epoch #5: loss=3.1764835119247437\n",
      "Epoch #6: loss=3.1588536500930786\n",
      "Epoch #7: loss=3.01327908039093\n",
      "Epoch #8: loss=3.098152279853821\n",
      "Epoch #9: loss=2.945201873779297\n",
      "Epoch #10: loss=2.647255301475525\n",
      "Epoch #11: loss=2.4645705223083496\n",
      "Epoch #12: loss=2.329612612724304\n",
      "Epoch #13: loss=2.9811995029449463\n",
      "Epoch #14: loss=2.8635438680648804\n",
      "Epoch #15: loss=2.887402653694153\n",
      "Epoch #16: loss=2.451385259628296\n",
      "Epoch #17: loss=2.6858078241348267\n",
      "Epoch #18: loss=2.403725743293762\n",
      "Epoch #19: loss=2.5221314430236816\n",
      "Epoch #20: loss=2.684382438659668\n",
      "Epoch #21: loss=2.505454182624817\n",
      "Epoch #22: loss=2.5557130575180054\n",
      "Epoch #23: loss=2.38617205619812\n",
      "Epoch #24: loss=2.2130016088485718\n",
      "Epoch #25: loss=2.4923558235168457\n",
      "Epoch #26: loss=2.2396864891052246\n",
      "Epoch #27: loss=2.411880612373352\n",
      "Epoch #28: loss=2.4630481004714966\n",
      "Epoch #29: loss=2.5234676599502563\n",
      "Epoch #30: loss=2.08821439743042\n",
      "Epoch #31: loss=1.9604492783546448\n",
      "Epoch #32: loss=2.212611675262451\n",
      "Epoch #33: loss=2.116902530193329\n",
      "Epoch #34: loss=2.4518938064575195\n",
      "Epoch #35: loss=2.4057421684265137\n",
      "Epoch #36: loss=2.1148271560668945\n",
      "Epoch #37: loss=2.196077287197113\n",
      "Epoch #38: loss=2.4872547388076782\n",
      "Epoch #39: loss=1.9581489562988281\n",
      "Epoch #40: loss=2.0506391525268555\n",
      "Epoch #41: loss=1.9906297326087952\n",
      "Epoch #42: loss=2.187800645828247\n",
      "Epoch #43: loss=2.5646852254867554\n",
      "Epoch #44: loss=2.1022181510925293\n",
      "Epoch #45: loss=2.1979727149009705\n",
      "Epoch #46: loss=1.9745498895645142\n",
      "Epoch #47: loss=1.8076978921890259\n",
      "Epoch #48: loss=2.032818078994751\n",
      "Epoch #49: loss=2.1494710445404053\n",
      "Epoch #50: loss=2.0165210366249084\n",
      "Epoch #51: loss=2.1506130695343018\n",
      "Epoch #52: loss=2.3050869703292847\n",
      "Epoch #53: loss=2.216646194458008\n",
      "Epoch #54: loss=2.3940223455429077\n",
      "Epoch #55: loss=2.007079005241394\n",
      "Epoch #56: loss=2.0659921765327454\n",
      "Epoch #57: loss=1.8136819005012512\n",
      "Epoch #58: loss=2.0632747411727905\n",
      "Epoch #59: loss=2.073434293270111\n",
      "Epoch #60: loss=1.979099452495575\n",
      "Epoch #61: loss=2.0018882751464844\n",
      "Epoch #62: loss=1.6738088726997375\n",
      "Epoch #63: loss=1.7212825417518616\n",
      "Epoch #64: loss=1.854859709739685\n",
      "Epoch #65: loss=1.6872732639312744\n",
      "Epoch #66: loss=1.7972578406333923\n",
      "Epoch #67: loss=1.6879855394363403\n",
      "Epoch #68: loss=1.5563995838165283\n",
      "Epoch #69: loss=1.7703845500946045\n",
      "Epoch #70: loss=1.8402368426322937\n",
      "Epoch #71: loss=1.501145362854004\n",
      "Epoch #72: loss=1.6035150289535522\n",
      "Epoch #73: loss=1.4643916487693787\n",
      "Epoch #74: loss=1.3092808723449707\n",
      "Epoch #75: loss=2.007477283477783\n",
      "Epoch #76: loss=1.7244128584861755\n",
      "Epoch #77: loss=2.0105435848236084\n",
      "Epoch #78: loss=1.4882391095161438\n",
      "Epoch #79: loss=2.226250410079956\n",
      "Epoch #80: loss=1.741823673248291\n",
      "Epoch #81: loss=1.6819019317626953\n",
      "Epoch #82: loss=1.7375596761703491\n",
      "Epoch #83: loss=2.042069435119629\n",
      "Epoch #84: loss=1.4839999675750732\n",
      "Epoch #85: loss=1.5851725339889526\n",
      "Epoch #86: loss=1.8351646065711975\n",
      "Epoch #87: loss=1.4697195291519165\n",
      "Epoch #88: loss=1.7703235149383545\n",
      "Epoch #89: loss=1.5637378096580505\n",
      "Epoch #90: loss=1.226572573184967\n",
      "Epoch #91: loss=1.7025700211524963\n",
      "Epoch #92: loss=1.1539574265480042\n",
      "Epoch #93: loss=1.3750529289245605\n",
      "Epoch #94: loss=1.1353814005851746\n",
      "Epoch #95: loss=1.7384899854660034\n",
      "Epoch #96: loss=1.1952317953109741\n",
      "Epoch #97: loss=1.0788819193840027\n",
      "Epoch #98: loss=2.0522688031196594\n",
      "Epoch #99: loss=1.4211320877075195\n"
     ]
    }
   ],
   "source": [
    "model = TS2Vec(\n",
    "    input_dims=1,\n",
    "    device=0,\n",
    "    output_dims=320\n",
    ")\n",
    "loss_log = model.fit(\n",
    "    train_data,\n",
    "    verbose=True\n",
    ")"
   ]
  },
  {
   "cell_type": "code",
   "execution_count": 5,
   "metadata": {},
   "outputs": [
    {
     "name": "stderr",
     "output_type": "stream",
     "text": [
      "/home/ventus/time-series-representation-learning/time-series-venv/lib64/python3.12/site-packages/sklearn/linear_model/_logistic.py:1256: FutureWarning: 'multi_class' was deprecated in version 1.5 and will be removed in 1.7. Use OneVsRestClassifier(LogisticRegression(..)) instead. Leave it to its default value to avoid this warning.\n",
      "  warnings.warn(\n"
     ]
    },
    {
     "data": {
      "text/plain": [
       "(array([[6.55446636e-01, 8.23455207e-04, 3.43729909e-01],\n",
       "        [1.40631619e-01, 2.04592063e-03, 8.57322461e-01],\n",
       "        [9.82366265e-01, 5.19705811e-03, 1.24366765e-02],\n",
       "        [3.25333382e-01, 1.48725495e-05, 6.74651745e-01],\n",
       "        [9.98963125e-01, 6.26345297e-04, 4.10530127e-04],\n",
       "        [9.58411175e-01, 1.56290565e-02, 2.59597685e-02],\n",
       "        [4.78886774e-01, 5.24237435e-03, 5.15870852e-01],\n",
       "        [9.18716194e-02, 1.88253781e-01, 7.19874599e-01],\n",
       "        [9.71249068e-01, 3.19472947e-03, 2.55562030e-02],\n",
       "        [3.10468247e-01, 6.68704114e-01, 2.08276384e-02],\n",
       "        [4.83636483e-01, 4.83364715e-05, 5.16315180e-01],\n",
       "        [9.97109389e-01, 3.00323960e-04, 2.59028719e-03],\n",
       "        [9.32882142e-01, 1.08164750e-04, 6.70096929e-02],\n",
       "        [9.79383373e-01, 1.31570184e-03, 1.93009248e-02],\n",
       "        [4.45498101e-01, 4.68438503e-03, 5.49817514e-01],\n",
       "        [1.05052050e-01, 2.47145614e-01, 6.47802337e-01],\n",
       "        [3.69155223e-02, 2.70983515e-06, 9.63081768e-01],\n",
       "        [9.81315986e-01, 1.05976742e-02, 8.08633998e-03],\n",
       "        [5.94085222e-01, 2.21190044e-02, 3.83795773e-01],\n",
       "        [9.88032658e-01, 2.89276514e-03, 9.07457726e-03],\n",
       "        [1.22488282e-01, 8.66571111e-01, 1.09406062e-02],\n",
       "        [8.00569325e-01, 1.56282121e-01, 4.31485538e-02],\n",
       "        [9.98056391e-01, 3.05113151e-04, 1.63849544e-03],\n",
       "        [2.87554255e-01, 1.18655902e-02, 7.00580154e-01],\n",
       "        [2.20368347e-01, 1.07476154e-01, 6.72155499e-01],\n",
       "        [5.66809275e-01, 2.79469815e-02, 4.05243743e-01],\n",
       "        [9.98406551e-01, 1.40625068e-03, 1.87197935e-04],\n",
       "        [7.26855022e-01, 8.06765481e-02, 1.92468430e-01],\n",
       "        [6.70582471e-01, 2.91842514e-01, 3.75750149e-02],\n",
       "        [5.39252262e-01, 1.86205786e-01, 2.74541951e-01],\n",
       "        [9.53041774e-01, 2.78993126e-03, 4.41682950e-02],\n",
       "        [9.73266490e-01, 2.17518591e-02, 4.98165060e-03],\n",
       "        [8.89695225e-01, 9.15666314e-03, 1.01148112e-01],\n",
       "        [2.04097458e-01, 7.92579044e-01, 3.32349813e-03],\n",
       "        [9.53025597e-01, 2.84382508e-03, 4.41305781e-02],\n",
       "        [9.74424132e-01, 1.71321816e-04, 2.54045466e-02],\n",
       "        [9.21550872e-01, 1.26807016e-02, 6.57684264e-02],\n",
       "        [9.97572899e-01, 2.98994827e-04, 2.12810632e-03],\n",
       "        [9.91099198e-01, 3.24798455e-05, 8.86832178e-03],\n",
       "        [5.82572474e-01, 4.16749276e-01, 6.78249489e-04],\n",
       "        [8.85117070e-01, 1.12741709e-01, 2.14122163e-03],\n",
       "        [5.21024769e-01, 3.91398293e-03, 4.75061248e-01],\n",
       "        [9.76464070e-01, 1.18170672e-03, 2.23542238e-02],\n",
       "        [9.84246877e-02, 2.34043893e-01, 6.67531420e-01],\n",
       "        [1.63282289e-03, 2.65231149e-04, 9.98101946e-01],\n",
       "        [1.74917767e-02, 8.85418952e-05, 9.82419681e-01],\n",
       "        [9.19602543e-01, 2.90561421e-02, 5.13413151e-02],\n",
       "        [5.66690690e-04, 1.80408450e-03, 9.97629225e-01],\n",
       "        [8.13345165e-01, 3.47610946e-03, 1.83178726e-01],\n",
       "        [4.93262974e-01, 2.96285969e-05, 5.06707397e-01],\n",
       "        [5.00544188e-01, 4.18921860e-03, 4.95266594e-01],\n",
       "        [9.98681895e-01, 7.06937949e-04, 6.11167257e-04],\n",
       "        [7.91187877e-01, 1.90640822e-02, 1.89748041e-01],\n",
       "        [9.33767337e-01, 6.43001676e-02, 1.93249507e-03],\n",
       "        [9.91282394e-01, 3.67847762e-04, 8.34975785e-03],\n",
       "        [5.82909122e-03, 7.47064857e-01, 2.47106051e-01],\n",
       "        [9.95688593e-01, 6.52607226e-04, 3.65879954e-03],\n",
       "        [1.01646965e-02, 1.14837108e-01, 8.74998195e-01],\n",
       "        [9.96026920e-01, 1.99605323e-04, 3.77347482e-03],\n",
       "        [9.90259814e-01, 1.31950029e-03, 8.42068565e-03],\n",
       "        [9.51905984e-01, 1.29833927e-02, 3.51106231e-02],\n",
       "        [9.95690932e-01, 2.55276247e-03, 1.75630531e-03],\n",
       "        [9.55962132e-01, 5.00444776e-03, 3.90334198e-02],\n",
       "        [9.85014267e-01, 1.38443354e-03, 1.36012994e-02],\n",
       "        [9.97521550e-01, 8.78013530e-04, 1.60043616e-03],\n",
       "        [6.46956393e-01, 7.93783424e-04, 3.52249824e-01],\n",
       "        [9.87593081e-01, 1.26335873e-04, 1.22805827e-02],\n",
       "        [9.08261223e-02, 8.30680036e-01, 7.84938420e-02],\n",
       "        [8.20339713e-01, 9.04517894e-04, 1.78755769e-01],\n",
       "        [1.43353569e-01, 7.60060056e-01, 9.65863749e-02],\n",
       "        [5.81791428e-02, 9.41671731e-01, 1.49126026e-04],\n",
       "        [9.24911717e-01, 5.00216155e-05, 7.50382617e-02],\n",
       "        [3.51653348e-02, 6.75332688e-02, 8.97301396e-01],\n",
       "        [1.66099806e-02, 8.39094205e-01, 1.44295814e-01],\n",
       "        [1.68026717e-02, 9.82133193e-01, 1.06413534e-03],\n",
       "        [4.62873005e-02, 8.94295566e-01, 5.94171339e-02],\n",
       "        [3.94309576e-02, 9.48373323e-01, 1.21957195e-02],\n",
       "        [5.99678353e-03, 9.25583829e-01, 6.84193879e-02],\n",
       "        [2.12748925e-02, 9.77103679e-01, 1.62142893e-03],\n",
       "        [9.70242036e-01, 1.26304290e-02, 1.71275351e-02],\n",
       "        [1.05690471e-01, 8.93760735e-01, 5.48793818e-04],\n",
       "        [2.28897161e-03, 8.49462945e-01, 1.48248083e-01],\n",
       "        [6.78524733e-01, 3.21373621e-01, 1.01646110e-04],\n",
       "        [2.32531046e-03, 9.87093390e-01, 1.05812994e-02],\n",
       "        [3.80862567e-03, 6.68455704e-01, 3.27735671e-01],\n",
       "        [2.38702608e-03, 7.02217932e-01, 2.95395042e-01],\n",
       "        [1.67566245e-01, 8.31226875e-01, 1.20688017e-03],\n",
       "        [9.87706366e-01, 1.77508223e-03, 1.05185515e-02],\n",
       "        [9.80827085e-02, 8.92092324e-01, 9.82496706e-03],\n",
       "        [4.50082814e-02, 9.18815677e-01, 3.61760412e-02],\n",
       "        [1.11228031e-02, 9.50686342e-01, 3.81908552e-02],\n",
       "        [7.80947175e-01, 2.12878498e-01, 6.17432675e-03],\n",
       "        [3.31729422e-03, 9.28051861e-01, 6.86308443e-02],\n",
       "        [6.52923700e-03, 9.92287266e-01, 1.18349677e-03],\n",
       "        [5.35106840e-03, 9.39287026e-01, 5.53619053e-02],\n",
       "        [9.22405082e-01, 1.16622030e-02, 6.59327147e-02],\n",
       "        [1.71505917e-01, 8.21596701e-01, 6.89738253e-03],\n",
       "        [1.07156620e-02, 9.64820052e-01, 2.44642859e-02],\n",
       "        [1.81588294e-02, 9.33043683e-01, 4.87974876e-02],\n",
       "        [6.02279912e-03, 9.63490867e-01, 3.04863339e-02],\n",
       "        [2.03771872e-01, 7.49246162e-01, 4.69819660e-02],\n",
       "        [1.27737084e-02, 9.73905566e-01, 1.33207255e-02],\n",
       "        [1.27086832e-02, 9.85059370e-01, 2.23194700e-03],\n",
       "        [6.83219257e-03, 9.74044071e-01, 1.91237363e-02],\n",
       "        [2.04704969e-02, 9.48273418e-01, 3.12560848e-02],\n",
       "        [4.50192021e-01, 1.00482987e-01, 4.49324992e-01],\n",
       "        [2.67433937e-02, 5.36491012e-01, 4.36765594e-01],\n",
       "        [1.60352344e-02, 9.68088837e-01, 1.58759286e-02],\n",
       "        [1.79176867e-02, 9.58792698e-01, 2.32896150e-02],\n",
       "        [1.43618392e-03, 9.67767270e-01, 3.07965458e-02],\n",
       "        [1.13474020e-02, 9.84678312e-01, 3.97428608e-03],\n",
       "        [7.23790926e-01, 1.44990317e-01, 1.31218756e-01],\n",
       "        [1.14147534e-01, 8.45016402e-01, 4.08360642e-02],\n",
       "        [1.20897302e-03, 9.93189106e-01, 5.60192085e-03],\n",
       "        [1.33739117e-01, 8.63119595e-01, 3.14128810e-03],\n",
       "        [2.67164815e-03, 9.43624486e-01, 5.37038660e-02],\n",
       "        [3.17496227e-02, 9.57863860e-01, 1.03865173e-02],\n",
       "        [9.59573265e-01, 2.06724499e-02, 1.97542855e-02],\n",
       "        [2.50145957e-01, 7.46953526e-01, 2.90051663e-03],\n",
       "        [8.82565743e-03, 9.86779538e-01, 4.39480502e-03],\n",
       "        [5.91969555e-03, 9.61369198e-01, 3.27111068e-02],\n",
       "        [1.56880206e-02, 9.17417406e-01, 6.68945733e-02],\n",
       "        [6.37541501e-04, 3.88986085e-02, 9.60463850e-01],\n",
       "        [1.57938011e-03, 2.55719401e-01, 7.42701219e-01],\n",
       "        [7.77774654e-03, 1.05945631e-03, 9.91162797e-01],\n",
       "        [7.55226044e-04, 7.15560447e-02, 9.27688729e-01],\n",
       "        [4.07926078e-03, 7.57881774e-01, 2.38038965e-01],\n",
       "        [7.86648522e-04, 7.55722233e-01, 2.43491118e-01],\n",
       "        [1.94968901e-03, 3.13262251e-02, 9.66724086e-01],\n",
       "        [2.00881857e-02, 5.39579669e-03, 9.74516018e-01],\n",
       "        [9.48687755e-04, 1.43851729e-01, 8.55199583e-01],\n",
       "        [1.13264872e-03, 1.20483296e-02, 9.86819022e-01],\n",
       "        [9.84840790e-03, 5.77045936e-01, 4.13105656e-01],\n",
       "        [3.34201575e-01, 2.75006414e-04, 6.65523418e-01],\n",
       "        [8.90749084e-03, 4.59245461e-03, 9.86500055e-01],\n",
       "        [2.02775201e-03, 1.83711880e-01, 8.14260368e-01],\n",
       "        [8.89423727e-04, 4.93648570e-02, 9.49745719e-01],\n",
       "        [1.14627429e-03, 1.23353568e-02, 9.86518369e-01],\n",
       "        [7.31197292e-04, 1.26394921e-03, 9.98004853e-01],\n",
       "        [1.40436731e-03, 4.68763872e-04, 9.98126869e-01],\n",
       "        [8.31570890e-04, 8.82592538e-02, 9.10909175e-01],\n",
       "        [4.39952345e-03, 9.20909169e-02, 9.03509560e-01],\n",
       "        [3.03731143e-03, 3.46461818e-04, 9.96616227e-01],\n",
       "        [7.31197292e-04, 1.26394921e-03, 9.98004853e-01],\n",
       "        [1.63622646e-02, 1.93567847e-01, 7.90069889e-01],\n",
       "        [3.88591993e-04, 7.48354763e-03, 9.92127860e-01],\n",
       "        [1.24507412e-03, 1.24118429e-02, 9.86343083e-01],\n",
       "        [4.15570113e-03, 5.67300337e-04, 9.95276999e-01],\n",
       "        [1.63345374e-03, 2.84243759e-02, 9.69942170e-01],\n",
       "        [2.19108544e-02, 1.04586138e-04, 9.77984559e-01],\n",
       "        [6.46440965e-03, 7.93466417e-03, 9.85600926e-01],\n",
       "        [8.42180140e-04, 8.05820510e-04, 9.98351999e-01],\n",
       "        [1.36549300e-03, 1.95040739e-03, 9.96684100e-01],\n",
       "        [4.75707460e-04, 6.75939709e-01, 3.23584583e-01],\n",
       "        [8.31549528e-04, 7.23010757e-02, 9.26867375e-01],\n",
       "        [3.43306979e-01, 9.28205948e-02, 5.63872426e-01],\n",
       "        [3.23357336e-03, 1.14858650e-03, 9.95617840e-01],\n",
       "        [1.76935301e-02, 8.65956242e-03, 9.73646907e-01],\n",
       "        [1.64974299e-02, 5.68961750e-04, 9.82933608e-01],\n",
       "        [1.53414696e-03, 2.44246190e-02, 9.74041234e-01],\n",
       "        [8.66599574e-04, 1.11896862e-01, 8.87236539e-01],\n",
       "        [4.04682404e-07, 3.64757416e-01, 6.35242179e-01],\n",
       "        [2.34980721e-03, 2.04645188e-01, 7.93005004e-01],\n",
       "        [3.75351496e-04, 3.53742705e-01, 6.45881943e-01],\n",
       "        [3.09623880e-03, 8.68566458e-03, 9.88218097e-01],\n",
       "        [2.65031195e-03, 1.78954936e-02, 9.79454194e-01],\n",
       "        [1.85779538e-03, 8.41140858e-02, 9.14028119e-01],\n",
       "        [1.27220221e-03, 2.39555772e-01, 7.59172026e-01],\n",
       "        [1.12427695e-03, 1.14626484e-02, 9.87413075e-01],\n",
       "        [8.79388791e-03, 1.50189132e-03, 9.89704221e-01],\n",
       "        [1.39014568e-03, 1.09219839e-02, 9.87687870e-01],\n",
       "        [6.21461628e-04, 4.39699824e-01, 5.59678714e-01],\n",
       "        [7.91546326e-04, 1.43089916e-02, 9.84899462e-01],\n",
       "        [1.64940006e-03, 8.91326844e-03, 9.89437332e-01],\n",
       "        [6.87248975e-04, 1.03338032e-01, 8.95974719e-01]]),\n",
       " {'acc': 0.8, 'auprc': np.float64(0.8707433935375682)})"
      ]
     },
     "execution_count": 5,
     "metadata": {},
     "output_type": "execute_result"
    }
   ],
   "source": [
    "tasks.eval_classification(model, train_data, train_labels, test_data, test_labels)"
   ]
  },
  {
   "cell_type": "code",
   "execution_count": null,
   "metadata": {},
   "outputs": [],
   "source": []
  }
 ],
 "metadata": {
  "kernelspec": {
   "display_name": "time-series-venv",
   "language": "python",
   "name": "python3"
  },
  "language_info": {
   "codemirror_mode": {
    "name": "ipython",
    "version": 3
   },
   "file_extension": ".py",
   "mimetype": "text/x-python",
   "name": "python",
   "nbconvert_exporter": "python",
   "pygments_lexer": "ipython3",
   "version": "3.12.7"
  }
 },
 "nbformat": 4,
 "nbformat_minor": 2
}
